82038213611116640669200010
92038212611319730556200010
82046222511227830748200010
72047221711218730757200010
92037014411127740669200010
82037222411228840756200010
72046222511228930657200010
92037114311127840767200010
92046214511125740857200010
7203821251122A910549200010
82047312711218630747200010
82037123311228940657200010
82029212711218630559200010
62056222711228810658200010
72046121611229830748200010
82037113711117640777200010
82047213611228630558200010
8204631171112863064A200010
82046312711228630657200010
92047113511129630649200010
6205702261122A810649200010
7203812161121A730658200010
82029213511317840656200010
